12
5 5 15
34857
95783
12854
42856
24819
3 6 20
123456
654321
123321
1 1 5
6
2 2 10
55
55
10 10 50
1111111111
1111111111
1111111111
1111111111
1111111111
1111111111
1111111111
1111111111
1111111111
1111111111
10 10 49
1111111111
1111111111
1111111111
1111111111
1111111111
1111111111
1111111111
1111111111
1111111111
1111111111
10 10 50
1111111111
1111111111
2222222222
2222222222
2222222222
2222222222
2222222222
1111111111
1111111111
1111111111
10 10 50
1111111111
1111111111
2222222222
2222222222
2222222222
2222222222
2222222222
1111111112
1111111111
1111111111
5 7 35
2345678
8648395
9947284
4385939
3475775
5 7 100
2345678
8648395
9947284
4385939
3475775
6 6 36
473847
234564
245347
345882
000000
000000
6 6 23
473847
234564
245347
345882
000000
000000
