10
(3.00,3.00) (4.00,4.00) (5.00,5.00)
(0.00,0.00) (-5.00,-5.00) (5.00,-5.00)
(4.32,6.12) (5.40,-8.59) (10.43,-4.32) (-3.24,9.00) (-4.32,-8.54)
(0.00,0.00) (3.00,-4.00)
(2.00,4.00) (-3.00,-9.00) (-8.00,2.00) (4.00,-10.00)
(-43.29,59.38) (95.55,-1203.33) (-435.96,-552.55) (123.23,345.32) (3.00,-4.55)
(0.00,0.00) (0.00,0.00) (0.00,0.00) (0.00,0.00) (0.00,0.00) (0.00,0.00) (0.00,0.00) (0.00,0.00) (0.00,0.00) (0.00,0.00) (0.00,0.00) (0.00,0.00) (0.00,0.00) (0.00,0.00) (0.00,0.00) (0.00,0.00) (0.00,0.00) (0.00,0.00)
(9.99,8.88) (7.77,6.66) (5.55,4.44) (3.33,2.22) (1.11,0.00)
(3.45,4.32) (4.32,3.45)
(9.99,8.88) (7.77,6.66) (5.55,4.44) (3.33,2.22) (1.11,0.00) (3.45,4.32) (4.32,3.45) (4.32,6.12) (5.40,-8.59) (10.43,-4.32) (-3.24,9.00) (-4.32,-8.54) (0.00,0.00) (3.00,-4.00) (2.00,4.00) (-3.00,-9.00) (-8.00,2.00) (4.00,-10.00)
