101
5
1 1 1 1 1
3
159 261 932
100
40 40 25 5 5 40 28 31 31 11 50 15 1 10 35 17 34 3 39 33 21 22 32 36 20 9 16 17 19 15 38 39 2 5 18 30 5 30 6 9 5 26 49 27 6 1 26 50 2 26 27 35 38 5 35 48 50 43 25 27 4 31 16 19 26 49 28 9 32 27 35 5 37 36 18 45 8 21 19 18 18 2 5 49 43 17 7 46 26 37 21 23 4 12 3 42 17 6 5 30
100
50 39 29 8 17 45 21 42 20 38 29 9 31 29 23 19 30 29 8 26 40 37 25 5 12 15 3 5 34 18 38 33 48 25 26 47 5 23 17 16 28 5 45 46 9 7 7 45 9 30 11 17 19 11 13 27 48 43 10 22 40 27 34 3 8 15 1 1 30 44 38 43 41 4 25 16 12 34 34 20 33 49 29 6 29 6 7 40 42 42 28 14 14 45 29 42 41 41 41 47
100
17 1 46 34 42 46 38 7 3 37 36 14 16 39 44 2 19 16 13 34 46 44 8 50 5 6 31 32 45 42 22 43 42 8 46 11 41 40 36 32 38 36 48 40 37 10 38 24 1 27 50 27 3 8 37 12 32 1 49 3 11 19 3 24 19 19 22 30 43 3 27 18 8 44 6 14 39 23 16 24 39 25 3 6 14 46 37 9 43 10 46 48 21 30 27 21 11 6 11 20
100
39 28 33 31 34 16 32 10 8 29 23 39 10 30 46 5 33 43 44 18 6 3 38 6 13 33 26 34 27 34 29 27 13 21 40 2 47 27 17 38 49 23 15 28 22 1 41 32 38 38 35 22 20 21 49 26 35 2 46 1 48 13 16 25 7 33 48 14 10 46 2 36 49 40 25 27 19 48 14 1 11 23 1 19 3 33 23 4 4 8 28 47 32 28 31 23 4 37 34 20
100
50 35 45 33 30 18 18 1 26 31 10 43 46 49 23 38 43 5 49 4 24 22 33 40 44 6 29 37 45 4 47 34 12 7 32 6 36 50 14 15 44 14 12 33 30 36 17 27 47 20 42 4 48 28 9 34 26 18 38 27 40 21 9 44 23 8 44 37 23 11 25 45 26 3 4 44 30 2 13 31 27 12 16 13 41 6 35 1 39 5 42 32 43 24 22 46 4 34 49 50
100
15 10 32 5 13 38 29 16 28 49 4 17 50 6 31 30 47 33 48 17 39 47 48 22 34 8 18 17 14 2 4 37 26 32 10 24 37 12 15 12 41 15 29 15 21 26 36 16 19 41 6 36 29 47 48 49 8 48 35 43 32 48 1 34 6 46 43 36 40 21 24 7 44 15 30 21 33 39 25 47 23 11 45 44 40 25 46 24 15 17 5 44 21 13 34 26 18 50 14 14
100
25 13 31 5 39 25 49 15 49 50 42 9 29 6 6 31 5 7 9 29 28 34 23 39 38 28 44 49 25 49 44 28 2 18 32 20 13 50 31 31 40 11 47 40 17 4 4 43 45 37 8 18 1 1 42 35 17 19 35 28 13 48 27 28 17 50 6 26 8 21 33 5 20 12 48 40 23 16 29 17 41 34 11 37 37 37 38 33 47 24 34 11 25 39 31 25 39 24 39 45
100
4 27 35 15 35 41 13 18 2 43 41 32 42 12 32 49 18 48 39 16 36 28 10 38 25 12 13 32 34 42 27 20 39 41 2 7 37 34 16 43 12 34 33 34 3 10 4 24 50 26 18 6 10 47 27 43 24 34 8 5 19 2 9 10 37 27 7 3 30 26 27 15 48 22 44 12 37 15 12 26 47 5 2 49 32 49 31 18 2 33 4 49 23 26 12 3 16 28 40 5
100
33 11 4 14 33 22 45 16 13 10 36 22 47 9 46 22 2 14 6 42 28 28 19 9 43 8 34 50 48 47 46 27 23 47 11 20 27 45 14 25 34 24 4 38 10 49 28 13 34 24 47 18 50 18 12 3 24 24 3 28 21 3 43 17 5 11 10 27 49 31 7 38 36 29 14 38 48 17 4 38 15 5 3 38 44 32 18 18 47 29 42 6 37 41 7 24 43 7 42 10
100
40 45 39 36 18 4 17 39 1 40 31 9 26 3 36 44 48 14 44 47 8 9 39 10 2 49 50 36 26 26 47 45 10 42 19 17 10 15 12 17 13 5 6 47 12 37 50 34 18 39 46 7 35 2 9 22 36 42 18 15 4 7 43 42 37 50 14 27 15 24 1 36 36 14 17 7 32 13 49 48 2 3 30 29 42 50 22 48 45 5 17 22 50 42 11 4 5 14 2 38
100
25 34 10 19 34 8 20 46 43 49 34 43 24 44 15 49 43 13 2 5 11 37 26 20 40 47 40 21 46 18 41 29 33 29 25 46 26 17 24 28 24 16 18 26 36 44 30 49 39 2 12 31 20 25 22 22 9 17 30 41 1 4 8 34 7 20 29 43 22 25 36 6 39 47 9 3 28 14 13 50 11 41 13 14 41 3 49 16 34 46 43 15 1 36 28 11 11 50 25 9
100
33 17 37 23 25 40 47 37 10 44 21 43 44 26 31 43 36 48 13 38 34 35 11 13 36 46 31 31 38 11 39 46 21 46 9 33 36 10 35 33 2 46 11 21 12 39 28 36 36 13 39 28 8 9 15 39 43 31 5 34 34 5 19 24 27 16 42 17 45 13 22 22 45 27 36 19 26 46 17 27 46 37 36 19 25 43 6 50 21 39 21 4 9 31 22 32 21 6 43 40
100
9 20 12 30 15 18 43 31 6 46 38 45 8 1 9 15 2 20 36 12 30 41 4 5 5 13 29 40 21 37 23 22 10 25 37 43 15 25 37 30 21 7 10 30 39 13 18 9 6 44 43 39 7 6 24 48 16 45 10 40 45 46 29 42 21 41 1 47 19 6 41 20 39 3 25 16 2 34 17 35 24 30 50 4 16 3 46 14 27 37 13 10 42 6 33 5 24 37 41 35
100
44 29 6 10 3 4 35 38 21 30 9 6 11 6 14 21 18 7 31 10 38 25 14 26 27 36 35 7 13 15 24 21 16 17 42 19 21 32 5 50 48 15 35 45 6 40 39 18 27 40 5 16 11 27 16 5 6 20 21 29 19 15 20 19 25 3 1 31 17 2 5 36 23 31 43 40 28 16 27 32 36 13 32 35 3 22 36 16 47 15 24 22 43 24 7 10 21 39 41 38
100
6 22 44 12 20 14 40 6 38 6 10 19 21 37 9 34 27 20 28 49 5 10 39 40 44 10 26 28 43 9 39 24 1 10 33 35 11 39 8 10 42 41 25 23 18 9 45 21 50 8 40 6 15 34 29 20 3 8 22 13 48 41 22 11 45 44 15 42 2 4 11 3 35 39 39 32 37 2 32 19 46 21 13 13 49 14 19 29 39 21 37 36 16 40 13 2 13 12 13 50
100
26 2 29 29 10 34 2 47 46 37 45 39 14 20 20 46 41 22 33 22 29 50 39 25 7 47 1 4 35 10 34 1 28 24 8 21 2 50 32 4 31 6 27 37 3 25 37 12 37 31 21 6 4 12 10 22 46 30 39 10 23 19 4 44 8 48 12 42 37 26 20 39 28 20 14 18 18 42 4 27 36 8 23 37 43 35 49 32 10 13 12 46 40 5 15 20 29 23 27 46
100
30 8 41 23 50 24 34 39 15 23 25 29 38 18 38 31 42 26 11 21 33 13 19 17 5 30 31 41 13 17 9 48 23 13 23 24 19 30 2 40 22 10 49 19 10 12 3 25 30 33 40 43 38 28 34 8 41 34 16 21 37 18 12 11 37 24 8 2 40 8 41 34 36 1 7 43 8 17 11 14 3 38 50 8 2 41 50 44 22 1 4 42 21 25 31 35 7 14 42 32
100
39 49 47 38 4 14 9 44 5 35 12 29 20 49 46 5 31 15 14 5 9 16 15 28 16 49 38 19 28 34 2 36 48 47 20 32 31 14 11 20 15 25 12 19 9 10 34 32 44 38 18 39 26 33 36 8 22 26 36 28 41 42 39 28 40 45 11 29 28 43 24 41 4 32 13 16 31 36 46 15 29 49 44 48 32 10 37 31 35 10 44 28 22 47 31 47 11 2 11 36
100
15 17 30 22 30 40 33 36 12 43 23 13 11 35 33 11 29 25 40 13 45 21 18 12 15 33 28 1 28 14 27 41 40 8 49 9 5 27 42 26 27 5 36 8 28 1 26 28 26 44 4 7 24 40 36 33 29 10 18 14 20 16 31 17 46 14 31 20 15 22 47 21 6 18 11 8 37 44 38 3 24 27 29 44 20 16 27 43 4 40 44 16 13 46 7 3 34 6 14 49
100
46 5 20 36 40 28 18 50 6 19 27 47 22 47 43 21 33 27 8 39 8 32 27 6 35 14 32 32 49 8 16 24 10 3 20 30 4 28 6 40 13 25 27 37 31 22 18 20 45 17 29 42 12 36 43 36 6 14 21 6 5 16 43 30 47 3 32 43 43 12 25 40 4 36 7 15 12 20 2 15 48 18 11 7 22 22 18 34 42 24 41 12 25 34 39 32 23 25 40 48
100
20 40 40 29 25 35 36 8 40 48 21 32 6 19 45 40 1 36 3 43 45 37 22 29 33 4 26 14 28 36 47 50 8 30 44 29 14 1 2 5 10 39 32 24 28 49 43 9 5 36 49 49 23 15 42 25 1 24 42 26 5 26 18 35 28 48 20 42 5 15 19 19 41 17 21 41 24 20 43 44 8 33 34 33 20 41 2 9 40 29 25 34 14 7 35 16 4 19 29 9
100
48 47 34 37 18 41 42 15 7 34 10 44 15 44 2 31 46 2 35 18 20 21 6 42 18 46 32 28 21 11 10 18 47 18 24 39 32 3 30 23 5 40 1 17 46 29 8 17 16 37 47 46 25 20 13 5 25 50 22 29 13 48 23 49 5 46 11 8 11 13 41 11 45 16 28 23 7 49 14 5 13 43 44 16 12 17 20 9 26 49 7 36 37 42 18 25 34 19 48 16
100
30 30 3 1 9 48 24 1 3 3 2 39 13 12 5 5 42 27 46 20 13 30 6 28 27 27 19 10 43 5 20 38 39 50 17 4 6 33 12 16 13 33 27 2 21 19 11 45 4 48 30 25 37 4 34 39 48 7 38 10 20 19 27 7 5 10 8 22 25 25 26 23 6 22 50 6 10 37 38 37 39 1 46 40 29 50 7 46 26 41 49 49 44 49 43 33 26 21 21 9
100
42 1 50 37 9 48 45 14 28 17 19 38 27 48 4 27 27 21 16 18 12 45 24 45 47 32 27 23 5 27 27 10 15 49 33 12 12 26 4 26 8 28 47 11 30 31 42 19 27 32 7 7 44 11 12 21 6 38 28 8 49 48 10 5 34 40 28 43 44 29 4 14 2 28 6 50 43 17 7 50 11 11 31 34 33 43 5 48 40 5 48 27 31 7 38 12 11 37 31 18
100
27 24 19 9 40 30 46 10 24 2 18 4 13 43 13 46 42 41 3 4 21 26 38 18 20 46 49 9 10 38 18 38 44 31 6 41 10 9 30 32 23 18 23 8 23 5 35 31 42 24 26 39 1 47 3 8 29 43 3 31 37 12 44 50 36 37 35 36 32 4 31 40 23 47 40 48 21 8 33 36 28 40 5 15 4 9 35 16 29 30 39 38 13 11 30 38 25 48 22 4
100
32 2 47 19 16 49 28 38 30 31 6 36 31 7 45 50 32 6 32 6 37 33 23 50 37 15 19 26 4 40 38 40 24 29 17 44 15 40 22 41 31 6 7 32 12 13 48 33 39 41 13 1 6 34 45 18 27 30 29 50 7 27 45 30 36 20 4 35 34 26 20 7 32 6 28 36 2 20 3 11 3 31 21 50 3 10 34 36 10 48 10 32 4 17 18 44 48 30 28 37
100
15 10 36 28 34 10 14 11 10 2 20 20 40 26 48 47 37 33 43 15 45 14 3 25 6 23 6 49 12 48 31 1 7 30 22 25 41 47 48 8 38 24 39 14 4 29 33 19 18 31 16 37 20 6 3 4 16 23 3 11 10 39 14 3 14 28 47 26 16 12 28 3 13 48 7 21 20 9 15 45 9 46 27 20 8 27 25 48 29 27 25 16 21 46 26 14 34 10 40 25
100
21 38 46 25 21 4 31 45 23 41 42 7 42 26 48 14 5 4 21 5 28 37 46 17 17 2 21 1 6 29 43 26 45 23 43 3 17 11 33 18 21 28 12 34 42 28 28 5 35 50 17 26 36 7 41 16 3 27 17 36 19 7 36 14 40 50 14 49 27 30 47 19 47 35 18 49 21 46 28 14 12 30 20 30 2 18 27 23 15 24 27 34 13 30 10 17 34 42 5 30
100
26 9 12 7 11 36 45 30 6 50 44 33 5 46 12 2 7 42 28 25 6 42 18 46 50 38 19 11 25 47 46 15 20 13 8 26 41 50 5 16 47 10 31 25 32 39 26 24 48 5 22 18 46 33 35 32 27 33 27 27 7 25 22 6 44 4 27 16 44 36 28 36 41 20 41 42 10 18 37 6 36 9 17 26 18 26 16 45 2 36 33 33 40 35 48 12 20 36 6 45
100
36 9 45 17 28 12 44 26 5 44 45 38 28 48 22 26 25 22 37 44 21 6 8 15 34 19 17 42 13 20 42 8 30 24 9 30 39 23 9 22 12 40 31 6 26 36 28 44 21 8 1 48 1 11 28 16 31 30 1 27 26 48 1 27 40 3 37 15 39 49 36 14 41 34 39 41 49 18 37 18 44 27 39 50 14 18 37 38 15 17 48 7 30 21 17 38 12 41 23 22
100
45 38 28 32 5 41 34 34 41 2 18 50 42 32 34 8 39 21 24 1 10 40 46 3 12 12 9 24 36 23 19 12 16 1 31 30 36 26 2 49 31 22 39 36 1 34 36 32 48 45 36 18 50 12 5 12 47 24 3 19 18 50 50 50 8 41 3 49 14 16 10 9 39 29 40 14 37 43 49 21 20 50 3 7 38 7 17 16 14 22 31 37 26 9 23 29 27 40 1 15
100
27 24 9 44 40 44 28 48 16 50 20 44 37 37 11 38 46 33 3 26 31 18 4 50 20 13 50 15 2 41 9 6 34 30 9 35 7 3 11 31 17 40 48 46 8 13 7 26 33 9 11 1 5 35 3 41 49 18 12 25 49 24 16 3 31 37 29 49 27 23 12 32 35 24 33 22 20 29 3 31 5 20 44 31 30 11 26 19 47 33 44 4 24 21 47 30 41 10 31 3
100
47 42 5 2 6 27 15 20 32 50 43 23 13 34 41 7 17 2 13 1 9 43 15 2 48 37 2 7 24 14 33 18 32 28 48 12 23 47 41 34 29 50 4 49 15 24 40 4 8 6 49 3 23 21 18 6 23 48 21 37 13 14 48 12 3 32 36 33 47 41 10 5 20 8 13 14 48 9 29 48 28 34 24 10 16 12 10 37 46 15 28 44 10 38 45 31 49 6 42 22
100
42 50 22 49 16 12 42 27 9 30 1 2 31 30 3 39 14 4 28 50 13 27 6 4 17 5 49 2 17 39 32 48 27 33 42 40 26 18 47 31 28 38 35 27 14 7 50 40 24 24 7 31 23 46 32 30 16 43 18 2 10 32 18 48 24 21 9 24 3 24 24 29 29 16 33 21 39 40 21 1 27 13 41 1 6 44 8 42 3 48 40 36 27 1 41 2 11 24 27 44
100
41 38 44 32 20 10 26 25 15 42 29 13 17 28 6 47 7 34 38 42 44 22 13 17 20 40 39 42 18 33 48 41 33 23 28 45 13 49 49 10 1 24 29 5 41 28 2 25 25 50 15 32 11 1 5 23 12 24 31 29 41 3 15 6 39 21 46 38 26 20 32 38 6 50 11 8 16 35 26 47 5 20 3 33 34 18 48 7 15 35 9 25 38 39 29 23 40 12 32 47
100
33 32 45 44 7 25 33 3 36 28 11 2 18 24 16 35 7 41 39 20 44 7 27 25 47 10 8 11 20 20 1 16 23 44 31 45 35 29 2 17 31 14 34 2 3 16 3 22 47 19 48 4 29 8 12 23 38 22 15 47 28 11 41 13 7 16 33 18 7 28 34 9 37 22 6 25 9 24 31 3 43 35 34 26 23 42 15 15 27 16 49 47 26 32 4 43 19 37 49 19
100
32 33 31 37 2 41 28 1 40 3 18 34 3 18 40 1 18 23 36 9 36 15 36 30 11 19 22 22 16 24 44 49 21 2 36 31 23 19 15 30 20 33 16 50 32 26 30 11 2 30 31 29 19 18 36 23 13 42 37 18 48 36 49 23 14 6 28 34 25 11 6 38 28 2 38 13 34 28 47 34 8 1 49 46 10 26 6 24 29 43 21 42 30 30 36 41 8 14 31 10
100
44 33 23 34 4 48 8 49 32 50 35 39 38 10 24 27 11 7 29 36 40 28 41 48 32 23 9 48 11 4 49 16 19 15 31 43 50 31 25 36 2 26 22 50 46 35 44 18 48 28 43 18 3 33 15 49 11 25 17 12 44 50 47 32 9 25 41 23 41 22 8 30 35 30 44 16 7 34 18 3 4 35 34 14 13 27 35 31 7 13 7 24 13 17 39 24 18 25 11 3
100
3 3 30 2 21 35 29 33 12 6 25 46 27 18 47 19 23 38 5 42 12 10 37 32 27 41 49 45 31 42 49 21 1 48 50 46 46 21 35 43 23 29 17 43 22 45 41 16 8 26 46 19 14 46 2 40 8 30 35 29 24 48 48 10 14 19 47 23 10 48 35 41 9 13 46 33 20 34 11 20 42 21 47 40 45 37 31 32 22 26 3 34 31 34 45 5 7 28 8 1
100
27 41 18 40 16 2 23 46 11 32 27 49 26 7 10 31 37 36 44 31 6 41 49 2 22 41 41 2 26 28 4 38 29 33 23 48 43 16 18 21 14 23 17 5 24 29 12 24 26 25 29 14 34 43 19 29 8 3 4 4 25 17 42 31 8 20 50 10 45 17 25 10 30 38 24 36 5 43 37 35 36 47 43 22 10 16 47 26 1 31 50 50 33 10 30 26 10 28 5 17
100
29 44 15 1 49 46 15 3 24 33 5 47 45 35 45 27 49 15 35 50 32 13 14 29 13 32 29 17 15 29 10 13 45 33 37 29 17 40 1 18 43 31 31 43 43 13 47 36 4 26 49 49 49 7 41 16 27 44 26 46 25 36 14 17 18 12 17 44 38 23 12 7 9 41 37 12 48 8 37 12 19 27 27 29 24 2 1 47 17 11 38 46 45 38 48 30 5 9 19 48
100
6 21 44 37 34 22 24 6 37 44 40 21 10 29 2 22 6 17 18 14 18 23 19 29 39 23 47 15 13 4 24 45 2 1 6 9 48 42 21 7 36 3 33 3 16 25 22 42 23 22 37 2 7 1 27 29 18 23 21 25 4 50 42 43 23 22 25 18 22 11 24 47 4 20 38 25 39 41 43 22 18 38 37 48 15 7 40 33 42 7 20 16 16 13 46 19 3 34 13 41
100
33 1 29 2 3 30 24 39 13 22 36 4 9 28 2 39 2 43 4 7 38 5 22 42 8 1 19 6 25 10 2 30 4 48 34 26 38 13 16 47 29 16 34 12 22 47 23 36 9 46 8 23 40 22 45 44 30 6 32 24 6 28 23 34 28 35 6 11 37 44 44 47 11 26 15 23 27 38 9 21 16 30 40 34 9 25 47 19 26 26 6 29 14 39 11 33 14 9 11 40
100
27 20 29 49 26 18 29 1 39 4 46 41 26 20 47 42 14 28 1 36 34 26 20 35 46 33 50 40 17 24 49 15 17 16 7 26 28 19 38 20 40 49 40 22 21 27 7 9 27 10 42 24 38 4 17 26 12 38 49 28 50 28 10 26 31 3 10 22 40 26 19 25 11 12 26 11 2 30 28 20 18 14 46 17 43 42 20 37 6 21 13 13 30 17 46 50 31 2 8 5
100
18 3 39 19 33 22 1 9 11 42 21 39 23 29 49 3 35 46 26 7 47 16 30 18 34 40 35 33 45 43 29 22 5 10 8 17 34 30 31 28 46 19 14 16 34 16 16 11 20 32 19 27 7 12 10 48 15 13 38 7 15 25 29 4 24 16 34 17 34 25 31 28 50 26 2 33 15 23 24 23 49 21 22 1 49 13 50 34 17 41 41 43 43 11 49 17 2 23 12 30
100
17 37 2 35 36 37 30 5 32 11 46 37 24 37 39 34 15 11 35 50 45 50 30 35 43 32 14 16 30 46 22 22 47 41 24 45 49 28 36 12 47 44 18 3 32 40 50 11 11 25 21 31 49 12 14 21 22 43 18 44 7 12 50 34 30 33 29 3 24 29 38 50 4 48 2 6 11 36 30 38 9 15 11 40 49 2 23 28 31 6 11 41 34 22 28 50 48 37 30 14
100
41 2 22 6 10 14 3 35 18 9 10 21 21 44 4 25 28 41 7 16 20 42 9 34 28 23 2 50 7 33 50 33 2 32 27 50 2 21 32 29 41 29 42 21 11 28 38 1 14 1 2 45 10 28 14 46 28 1 40 11 45 41 39 44 38 47 49 49 38 19 37 32 17 40 38 24 32 46 15 17 39 27 26 32 44 27 14 38 36 31 47 27 6 36 4 4 20 43 9 1
100
41 27 22 1 43 19 45 16 26 47 6 15 30 3 47 27 2 30 26 19 49 41 19 6 40 46 10 38 31 46 16 4 31 20 28 37 46 20 41 47 24 9 46 22 22 34 11 2 1 46 29 33 21 39 36 12 40 38 5 43 35 32 37 14 16 9 14 24 35 29 26 19 48 35 13 15 12 36 43 41 21 30 37 16 17 9 8 36 24 11 29 41 21 20 1 23 12 5 48 33
100
13 9 35 5 12 34 35 43 39 18 42 39 44 18 20 29 45 17 2 35 7 37 17 2 9 34 31 50 26 3 43 21 35 18 39 30 27 49 1 20 34 47 13 16 22 4 7 25 34 26 29 14 9 25 12 50 36 42 41 9 18 25 42 28 16 38 16 7 13 27 20 38 18 47 31 32 47 20 29 27 38 30 15 11 5 18 6 1 30 48 17 11 21 32 29 39 37 9 20 24
100
49 35 9 1 16 16 7 22 27 5 13 40 37 5 9 1 1 5 49 32 48 24 22 46 47 27 13 1 48 11 18 31 40 2 26 22 1 5 21 20 22 37 11 28 10 11 11 9 33 31 40 30 31 43 25 2 50 45 40 22 13 36 16 26 28 20 23 41 33 36 12 20 46 47 15 20 13 18 7 49 7 23 18 19 12 1 46 30 20 17 44 3 29 38 8 8 49 30 45 4
100
3 49 46 17 9 42 20 1 28 47 28 17 27 2 10 20 30 36 5 4 34 39 9 7 6 48 25 12 9 47 5 28 33 44 17 29 35 13 25 9 48 12 50 7 23 20 10 47 6 40 48 30 44 12 27 25 28 26 30 17 46 27 6 10 36 29 50 10 24 13 26 18 8 41 8 35 45 32 16 17 43 21 4 48 27 13 16 16 47 30 45 41 42 33 28 33 18 34 33 39
100
38 6 50 39 48 46 2 40 29 31 13 19 42 6 20 45 5 23 45 38 28 20 8 46 11 29 21 3 50 19 31 6 23 35 19 4 6 21 2 26 19 41 2 26 36 32 4 25 32 15 43 21 43 32 48 46 3 29 16 41 35 9 50 9 16 28 31 19 11 37 27 10 1 7 24 29 40 43 20 36 14 45 34 22 16 21 25 16 40 36 36 26 28 10 30 10 29 5 50 38
100
45 18 2 30 19 39 27 18 15 32 23 29 34 24 16 16 12 9 50 44 39 7 17 48 28 14 29 6 23 22 14 11 48 18 17 26 27 16 45 5 9 12 19 14 10 13 38 30 28 10 50 10 37 32 47 46 50 25 47 46 15 40 13 30 25 15 26 33 31 40 14 39 3 7 32 33 19 29 41 6 33 36 3 39 28 45 11 9 19 25 29 19 3 9 22 5 8 15 40 37
100
36 45 27 36 39 4 22 41 42 9 44 5 6 35 47 29 29 6 34 36 16 29 14 1 4 23 16 4 28 36 15 8 48 10 3 50 48 38 19 26 17 26 33 6 22 24 50 12 36 30 2 25 24 1 23 42 43 10 34 1 21 23 40 18 4 27 45 9 20 43 9 42 42 38 14 17 32 5 19 41 36 30 38 22 32 23 28 36 42 34 24 48 7 20 1 18 11 14 34 6
100
48 9 46 8 17 22 4 5 5 41 38 4 9 30 21 2 1 41 6 38 43 18 42 23 15 9 14 36 49 12 50 6 1 30 22 40 32 33 42 39 2 15 39 13 10 10 35 47 18 32 48 43 8 4 23 9 1 2 24 28 37 32 49 24 6 8 35 40 47 14 34 34 9 20 47 27 7 22 20 17 14 18 37 16 1 27 11 30 29 19 32 7 16 22 35 8 36 28 21 32
100
28 36 21 20 25 12 25 40 30 45 35 10 1 12 16 39 10 48 23 36 16 45 26 25 40 28 25 35 42 8 44 27 17 17 29 10 20 8 28 20 7 26 13 17 36 19 12 18 49 42 50 40 43 48 44 40 45 3 12 40 19 14 7 3 10 30 7 48 39 34 3 43 18 7 14 31 11 23 16 41 39 26 2 41 9 2 47 13 13 41 41 27 30 48 30 34 16 6 16 37
100
48 30 12 37 29 16 45 31 39 38 37 6 19 34 50 23 25 29 21 16 26 40 49 21 50 3 9 39 16 8 28 26 30 6 49 29 8 18 17 25 2 11 14 38 15 49 42 17 39 19 37 7 46 42 36 27 24 39 49 4 36 39 29 7 48 35 18 32 9 35 50 20 39 46 31 43 2 17 32 4 45 28 35 17 5 50 10 49 3 27 23 44 29 12 18 18 19 15 17 12
100
36 44 42 3 9 5 13 47 35 28 31 25 34 27 33 2 22 38 1 8 29 12 3 47 40 11 22 33 27 19 31 17 41 20 2 1 39 16 20 49 38 28 10 29 30 46 36 14 4 17 38 27 10 13 19 39 39 37 45 14 4 15 28 49 33 17 23 50 4 23 6 45 42 45 40 40 9 27 44 39 5 4 16 8 41 5 48 18 15 45 42 35 33 1 3 19 36 48 45 26
100
17 16 4 48 1 38 16 42 10 1 42 34 2 2 14 22 8 10 16 8 14 1 27 26 29 34 6 41 43 48 50 15 29 40 3 18 35 31 41 4 17 35 49 3 27 17 12 6 50 35 35 50 12 42 5 43 35 27 39 17 34 40 29 31 35 47 49 7 16 2 32 17 3 13 1 20 31 8 48 12 48 38 10 22 43 12 31 44 50 14 47 34 40 19 11 12 22 21 12 6
100
26 11 16 8 37 12 20 22 36 11 29 15 8 11 30 49 25 34 1 47 36 8 30 36 43 18 45 34 47 27 9 9 15 41 39 26 30 34 6 17 35 26 38 18 9 30 21 3 20 16 19 12 25 20 37 45 14 19 47 34 29 22 44 28 21 10 42 15 38 33 30 17 18 29 24 34 5 32 33 4 2 4 46 31 28 16 11 35 18 47 49 18 50 4 1 17 34 23 38 42
100
27 28 21 15 43 10 19 39 49 11 49 19 9 45 15 39 2 29 33 1 31 20 18 24 3 40 17 8 48 19 27 16 22 25 1 45 10 22 23 20 2 19 27 2 7 21 48 14 44 31 22 39 25 20 27 1 50 42 1 16 37 17 9 23 30 35 40 1 47 47 3 46 31 14 48 39 24 31 28 20 48 47 13 29 26 35 35 22 34 40 33 22 19 20 25 35 42 29 50 24
100
6 8 26 13 47 46 14 20 6 41 8 36 15 19 48 10 6 8 30 44 45 34 47 3 46 48 8 45 23 44 22 42 45 26 6 42 43 42 1 40 49 39 48 15 50 27 33 22 41 12 36 6 40 31 12 45 36 40 45 39 7 7 5 41 46 46 31 28 24 41 2 9 42 8 42 34 12 6 36 35 9 32 20 38 15 9 6 20 36 32 14 15 42 12 29 46 11 9 4 45
100
20 1 24 43 43 50 45 37 15 20 49 2 3 27 15 22 4 18 45 28 12 2 37 47 7 26 26 9 32 33 6 8 48 41 49 15 5 30 12 4 27 29 22 37 28 42 41 1 36 10 48 42 31 48 37 23 41 1 41 22 1 39 43 4 20 34 17 43 50 16 31 15 11 11 7 20 26 48 12 34 4 3 44 17 18 33 24 1 25 47 39 44 11 42 48 47 35 26 37 35
100
37 5 27 49 30 34 27 36 14 1 21 30 35 28 3 50 47 1 45 35 33 18 8 33 48 41 18 18 25 34 35 18 18 26 43 10 31 40 28 35 21 4 11 40 18 7 25 7 25 12 33 39 36 21 46 7 9 7 19 6 25 47 45 18 11 29 43 17 43 3 6 27 33 48 28 28 30 14 41 2 43 22 50 19 24 30 9 10 42 38 9 34 3 9 20 39 36 29 21 46
100
14 18 28 39 21 20 21 5 24 11 37 37 23 1 23 17 47 18 28 48 32 11 41 22 28 22 29 40 28 45 46 30 4 23 12 23 1 11 5 31 20 32 18 13 43 4 4 5 32 36 8 38 11 37 28 23 22 10 4 49 28 28 27 46 26 28 28 19 13 15 30 31 44 37 16 18 41 47 4 31 19 41 23 23 33 21 46 46 16 7 39 32 17 19 18 36 25 44 26 8
100
29 29 26 48 39 46 27 16 15 25 18 50 46 50 49 49 16 26 38 13 39 20 1 1 12 35 43 3 18 10 50 44 41 18 28 32 9 16 40 2 37 17 50 27 42 29 9 14 37 44 7 24 4 5 18 35 45 16 3 14 31 26 44 1 23 5 37 31 33 45 12 8 17 10 24 12 10 39 38 26 3 22 25 42 42 16 42 12 32 23 11 30 27 39 9 15 15 29 25 25
100
25 3 9 28 45 5 29 50 19 48 14 27 30 31 10 13 8 19 40 38 5 5 48 19 38 11 35 39 49 3 17 38 22 7 9 37 5 33 22 45 24 2 11 30 38 2 33 13 11 33 49 24 25 19 12 10 1 25 20 27 33 13 2 24 26 15 23 33 44 46 47 24 23 16 19 30 10 10 49 32 5 34 35 34 47 14 35 38 26 1 4 9 23 12 42 11 14 12 21 28
100
50 45 23 46 46 20 35 16 19 21 26 22 42 37 34 31 29 30 26 19 34 40 18 28 21 45 7 13 1 22 32 11 28 9 49 24 48 27 30 22 5 20 39 9 13 37 7 7 40 50 4 18 28 5 17 12 41 30 42 26 46 5 38 40 10 10 15 25 11 10 10 50 42 22 37 39 26 29 50 22 48 9 42 48 19 20 47 21 25 17 28 16 27 49 1 45 41 14 41 37
100
3 41 29 12 44 16 28 6 31 40 34 24 33 32 12 11 44 43 43 24 46 3 19 1 10 7 42 22 45 12 30 30 15 50 44 39 46 29 50 9 43 40 20 31 8 6 36 16 48 22 5 49 30 18 15 35 29 13 30 6 36 26 21 9 37 38 9 46 50 26 36 42 40 12 2 2 29 38 27 6 48 17 11 20 28 31 31 13 26 44 45 39 2 47 36 35 10 13 18 22
100
40 28 37 11 29 50 14 1 3 2 9 45 47 11 4 8 28 11 26 3 26 40 39 1 27 28 16 21 39 35 42 21 41 33 37 35 25 28 38 15 38 15 13 8 18 36 20 21 27 26 47 35 42 27 23 3 45 15 35 50 9 16 4 41 23 38 10 29 43 23 47 8 42 50 46 8 3 32 36 19 5 33 28 2 21 12 13 39 24 41 39 24 14 8 8 34 41 6 31 9
100
33 33 19 42 17 46 48 5 33 20 15 48 4 4 49 17 40 17 31 33 36 1 26 29 6 23 48 31 7 11 33 40 47 43 32 8 49 28 20 42 6 26 13 17 42 7 12 30 22 34 26 18 13 40 14 32 46 43 25 18 13 12 7 7 42 16 24 46 42 38 36 2 23 47 36 35 6 14 9 14 45 27 7 4 27 23 21 45 13 21 3 41 37 43 47 15 5 18 1 26
100
49 43 27 2 26 24 14 39 21 15 26 44 12 48 42 13 10 27 47 32 40 25 3 23 39 10 13 23 35 39 27 2 40 16 48 26 34 25 14 1 36 3 22 41 16 11 11 26 10 47 42 47 46 5 48 38 49 35 8 19 47 2 44 37 36 24 21 50 21 46 38 44 2 28 9 8 32 14 23 29 21 31 22 6 29 16 2 16 35 6 23 47 37 37 15 45 17 28 10 38
100
10 20 36 7 21 19 50 9 32 30 12 32 50 50 12 37 35 23 49 47 21 32 35 48 27 22 43 26 37 48 18 49 33 9 26 24 11 9 4 22 39 3 16 25 21 11 2 20 25 30 13 6 47 3 26 9 22 39 9 29 27 23 20 1 35 9 24 45 16 1 41 20 1 39 46 25 3 24 19 8 2 34 39 43 48 8 28 3 23 18 40 42 7 2 14 12 25 6 8 2
100
33 22 13 18 9 17 7 41 34 22 10 10 9 19 41 46 46 42 47 3 25 27 11 45 24 30 13 27 30 24 29 7 7 16 43 25 30 12 29 36 17 13 43 7 30 32 19 6 16 38 40 39 20 4 2 39 11 44 3 31 47 39 33 15 26 46 40 30 21 48 12 28 46 47 38 44 8 27 1 49 4 31 38 19 25 32 46 50 4 49 42 13 33 29 30 21 21 11 38 45
100
43 50 39 5 33 25 38 35 16 35 3 42 11 49 20 36 25 23 3 44 50 28 26 46 13 29 33 35 48 28 16 23 30 10 46 31 2 44 14 2 3 9 41 11 1 43 17 22 25 25 41 24 28 25 33 18 15 45 45 31 11 36 49 47 47 46 4 5 13 10 30 39 27 19 46 14 13 20 1 9 33 41 17 38 20 42 13 46 23 13 2 33 36 13 11 21 30 41 29 28
100
42 40 31 48 33 9 8 43 42 41 20 25 13 36 20 20 40 49 32 28 22 1 22 7 48 12 40 50 12 11 17 9 11 49 34 41 13 34 19 32 28 13 26 47 24 34 36 36 5 25 10 25 28 33 21 18 7 12 3 22 10 9 45 25 34 10 41 32 40 44 30 38 23 40 22 38 21 20 39 33 30 6 35 44 39 34 14 12 26 32 41 18 9 8 34 33 21 42 22 46
100
3 36 9 22 9 31 21 15 37 30 22 1 11 7 46 43 24 14 4 33 23 23 50 39 23 25 18 46 28 4 12 1 31 15 36 12 36 5 32 6 11 42 37 38 4 19 13 32 3 9 43 22 30 11 37 43 31 13 27 19 37 35 14 7 35 48 14 26 16 1 26 14 50 47 10 47 49 11 25 11 39 19 21 20 9 19 33 8 36 40 40 37 15 39 36 13 1 22 44 50
100
3 48 17 50 1 35 44 34 37 50 19 40 21 1 7 26 11 50 8 18 33 13 1 18 14 29 25 4 20 31 19 48 7 39 3 50 42 8 34 20 30 25 31 42 4 9 1 26 42 41 10 47 14 22 29 30 47 50 32 31 36 28 2 21 4 42 16 21 35 2 22 5 15 28 34 12 29 42 19 29 31 21 46 37 47 5 20 46 4 26 25 24 10 27 33 45 27 50 45 20
100
17 39 2 38 20 10 40 39 13 21 24 10 48 7 37 25 45 30 30 32 40 19 50 12 37 24 16 9 49 42 21 13 26 41 32 28 6 30 45 35 28 13 29 9 23 48 23 1 45 14 10 33 5 26 14 34 32 39 15 31 20 38 1 13 25 20 47 46 21 20 43 31 26 49 24 22 17 44 37 19 2 23 48 9 7 43 22 14 19 10 10 39 15 30 39 47 12 31 10 26
100
39 25 26 34 17 37 49 5 48 24 27 40 19 6 43 4 4 41 8 17 35 10 46 48 46 29 17 16 42 6 29 22 50 25 46 43 45 48 37 18 17 9 47 39 44 50 22 45 30 35 41 24 49 21 25 35 47 13 4 12 13 35 8 47 44 41 34 34 11 34 49 50 34 15 9 36 21 46 29 17 7 9 40 34 36 23 41 45 17 39 37 40 14 1 14 13 35 43 13 45
100
48 49 29 41 46 49 25 18 49 41 32 3 35 26 17 41 18 4 5 33 28 34 21 13 12 2 36 26 49 19 20 34 37 33 49 32 15 48 41 28 29 29 25 8 18 43 18 33 3 12 28 20 41 29 8 11 26 9 42 15 28 4 31 1 34 31 30 41 9 5 5 19 40 17 11 17 26 33 2 17 10 2 26 5 2 2 38 47 49 45 42 14 8 18 42 47 34 21 50 8
100
30 47 47 19 4 19 37 1 31 27 4 21 28 24 47 43 33 14 14 1 8 30 44 37 23 14 43 43 41 3 27 32 50 37 37 34 4 5 5 24 37 40 10 19 3 22 4 45 8 25 37 28 18 34 21 50 17 42 9 49 26 13 40 25 49 36 24 38 24 46 21 34 34 17 42 21 25 18 49 45 23 25 15 7 36 28 18 50 44 18 33 2 7 15 26 47 11 50 20 24
100
23 28 29 24 42 42 17 2 49 36 46 19 44 14 10 23 35 26 13 13 15 9 18 32 45 28 11 18 50 10 50 26 31 22 2 49 34 34 18 1 38 1 20 29 13 43 37 13 6 14 34 25 42 13 27 48 19 13 23 14 24 7 11 1 33 49 41 47 36 48 17 39 11 9 32 33 19 46 39 15 12 44 8 27 26 23 17 41 24 44 34 18 12 12 41 39 30 21 44 29
100
31 28 7 14 9 40 12 49 40 43 44 31 21 42 36 23 47 27 11 46 47 12 35 37 13 30 38 35 29 20 27 28 17 49 35 23 19 2 10 1 33 37 43 20 50 44 47 33 36 46 24 8 5 42 47 5 9 17 17 38 13 7 17 27 21 3 13 7 11 33 31 14 16 9 15 42 29 2 12 36 3 49 4 27 17 42 4 46 47 18 31 2 43 14 5 4 37 50 4 20
100
22 13 25 38 24 35 22 5 39 45 10 20 13 8 10 45 48 31 20 42 49 2 50 26 36 5 13 21 45 3 44 19 37 45 47 19 23 41 22 13 46 41 31 15 41 46 3 13 21 39 46 3 14 44 11 37 27 50 21 22 17 13 17 41 31 49 49 10 4 17 50 39 29 36 48 28 1 6 45 10 15 29 3 24 30 45 1 18 11 45 4 10 7 4 15 33 20 7 15 17
100
18 44 37 20 9 3 29 35 33 17 30 21 15 8 33 27 16 41 40 37 10 42 44 49 17 8 28 31 36 49 48 42 43 1 27 47 47 33 42 46 23 32 5 35 12 5 14 20 50 13 30 47 17 46 35 13 11 41 6 39 40 19 47 12 2 16 47 28 20 8 27 39 43 26 49 4 5 12 20 32 10 20 48 1 44 3 24 9 33 38 16 9 28 30 24 47 24 25 10 26
100
47 47 3 35 48 48 49 5 42 34 32 41 4 1 25 7 10 9 42 31 1 14 43 16 12 22 17 23 11 20 28 42 45 12 39 48 9 32 41 31 18 33 37 14 18 39 1 10 49 20 21 17 37 11 23 32 44 35 5 17 49 34 21 16 3 32 11 18 12 37 43 20 20 21 41 27 50 40 29 35 14 14 43 14 19 45 26 15 28 43 6 49 2 36 24 17 14 21 20 8
100
24 12 48 17 15 50 16 22 6 37 46 24 35 30 37 44 42 42 36 16 11 4 22 15 36 28 22 6 35 26 2 18 24 13 13 39 49 24 49 26 42 3 44 42 50 34 11 1 21 49 37 20 17 28 28 2 12 50 15 35 1 30 47 30 28 47 14 6 29 30 42 18 16 37 15 8 6 22 13 28 32 1 1 11 12 46 15 46 27 29 48 25 25 5 10 19 1 42 45 24
100
21 4 19 3 25 48 36 48 5 12 44 23 16 30 43 4 11 6 7 43 37 1 12 31 46 49 33 29 23 24 19 40 22 16 48 26 17 44 38 49 21 44 41 2 47 32 38 10 11 30 40 23 23 7 31 19 14 21 43 34 45 15 21 6 11 30 5 10 29 44 9 2 43 50 24 7 47 22 20 14 30 17 23 1 2 34 45 2 18 24 42 15 43 13 33 13 27 6 12 18
100
9 36 28 45 20 15 41 43 26 38 21 49 49 44 3 19 16 14 43 23 7 28 50 46 18 13 34 9 3 45 9 4 49 34 41 41 40 11 47 4 8 3 50 11 28 39 17 33 18 20 44 6 6 42 34 23 38 23 25 18 42 7 10 26 10 28 14 9 5 18 35 24 32 18 18 35 29 7 34 48 48 35 26 4 23 32 13 43 35 46 46 39 7 50 41 49 16 6 31 33
100
18 32 22 26 8 19 6 15 43 36 5 14 36 42 43 48 49 17 41 26 25 11 4 29 44 50 46 20 29 39 4 30 1 41 11 30 19 25 2 22 43 42 48 48 18 8 6 17 44 49 2 32 12 37 43 26 12 45 49 15 45 5 5 7 8 50 13 36 4 25 20 27 28 14 19 18 11 32 42 1 23 33 43 30 40 25 33 7 5 8 23 29 21 39 40 3 4 31 22 39
100
23 36 13 14 45 26 46 40 9 39 14 23 37 38 30 8 37 49 2 43 32 37 12 35 32 42 45 30 23 46 18 25 47 27 12 6 17 7 39 36 43 33 32 16 31 38 24 28 13 20 16 24 39 37 6 8 46 25 36 11 14 21 12 16 4 27 39 22 33 36 6 22 39 49 12 12 14 29 37 36 45 37 29 29 27 9 38 2 31 38 18 7 21 36 35 23 30 45 17 7
100
40 40 5 41 21 18 33 26 11 24 13 11 9 35 24 37 32 30 19 29 43 6 13 32 21 8 2 12 21 19 14 33 9 16 49 25 48 21 38 3 49 17 27 5 10 49 6 25 34 49 37 41 28 43 28 27 20 45 20 33 15 40 38 33 7 46 40 19 30 19 42 21 12 2 24 44 12 33 7 38 28 20 18 15 19 5 6 1 3 50 40 42 3 37 15 46 33 5 12 17
100
12 14 19 41 1 37 16 19 47 50 41 18 44 44 36 29 33 10 19 1 37 28 28 46 17 50 7 2 3 7 18 13 16 29 3 30 24 44 17 12 46 6 8 5 16 11 32 15 36 13 29 35 33 20 8 4 26 18 32 20 10 30 37 28 36 35 30 18 50 23 50 37 31 9 2 24 31 39 35 44 37 50 5 23 10 12 39 33 35 39 11 27 44 44 17 32 26 44 25 26
100
27 34 19 11 42 31 33 22 8 17 49 14 42 11 4 20 13 35 46 27 30 3 9 27 14 6 18 47 25 35 38 47 16 50 28 40 21 38 34 26 46 3 44 7 24 17 2 37 35 45 29 33 17 5 27 1 42 32 30 13 5 2 25 28 47 37 48 22 23 13 45 5 44 8 37 29 23 11 50 13 1 27 46 30 20 20 19 28 5 3 16 15 43 2 34 13 49 33 38 36
100
49 8 21 3 4 7 11 17 12 35 23 17 50 6 17 30 32 10 15 48 1 14 15 15 44 49 24 33 28 31 16 32 49 2 19 10 39 22 6 40 7 1 39 11 20 50 31 27 42 45 26 12 26 20 27 35 30 25 47 18 33 37 22 14 35 14 29 39 27 27 44 5 34 34 38 24 48 46 17 8 43 9 42 49 43 2 44 50 9 37 14 41 19 50 39 26 33 20 2 16
100
23 43 45 20 47 50 11 17 10 27 35 18 24 19 14 26 43 36 31 6 27 27 13 1 3 4 21 19 37 9 40 23 50 42 50 3 44 19 3 46 37 9 13 5 5 12 43 7 35 45 39 47 21 40 30 14 10 32 48 39 2 8 40 14 12 36 18 38 43 34 6 40 11 26 18 33 30 24 47 1 26 47 30 4 8 44 3 16 11 23 10 30 37 8 27 40 30 1 45 10
100
44 1 35 26 31 43 23 46 23 27 17 43 35 22 28 15 3 10 41 23 5 45 25 17 42 12 19 26 12 49 27 10 13 31 45 36 37 45 48 20 9 33 27 19 47 47 21 36 41 29 22 29 39 1 45 4 36 33 4 31 30 14 5 7 2 38 16 3 32 16 3 21 17 49 22 50 50 34 12 38 32 15 50 36 32 4 50 49 38 16 19 49 27 23 28 29 25 49 46 24
100
48 49 6 35 31 14 44 34 4 48 6 49 48 19 7 16 24 10 48 45 44 47 31 31 10 34 11 34 48 33 2 39 44 34 50 41 6 46 29 6 8 14 49 47 17 40 4 45 32 31 9 50 39 1 22 18 42 15 19 44 3 50 33 17 35 34 44 7 28 39 45 39 36 20 49 10 34 5 12 29 44 12 31 12 15 25 35 40 32 24 29 21 35 13 41 39 38 37 12 40
